40 3623
41 3596
42 3593
43 3628
44 1798
45 1863
46 3604
47 1797
48 1864
49 3919
50 3923
51 3502
52 3487
53 3401
54 3600
55 3399
56 3442
57 3634
58 3397
59 3415
60 3407
61 3394
62 3402
63 3411
64 3391
65 2901
66 2875
67 2946
68 3416
69 3418
70 3445
71 3455
72 3447
73 3457
74 3701
75 3635
76 3637
77 3740
78 3716
79 3662
80 3584
81 3726
82 3583
83 3678
84 3680
85 2947
86 3800
87 3796
88 2900
89 2899
90 2949
91 2878
92 3806
93 2880
94 2879
95 2881
96 2713
97 2713
98 2897
99 2939
100 3805
101 2871
102 2877
103 2876
104 3799
105 3511
106 3790
107 1866
108 1796
109 3506
110 1803
111 1794
112 3928
113 1768
114 1770
115 1774
116 1578
117 1771
118 3927
119 1769
120 1702
121 1576
122 3922
123 1577
124 1758
125 1715
126 1767
127 1596
128 1706
129 1708
130 3915
131 1699
132 3918
133 3762
134 1691
135 3771
136 3924
137 3515
138 3801
139 1674
140 3556
141 1672
142 1693
143 1696
144 1735
145 1618
146 1604
147 2065
148 2064
149 3817
150 1673
151 1645
152 1601
153 2077
154 2061
155 1586
156 2081
157 1714
158 1736
159 1734
160 1792
161 1789
162 3664
163 3666
164 3727
165 2100
166 3737
167 590
168 3752
169 3578
170 3580
171 3650
172 96
173 3757
174 2012
175 567
176 1570
177 942
178 3898
179 3866
180 1388
181 1396
182 2106
183 1400
184 4333
185 960
186 1008
187 4038
188 993
189 4295
190 4386
191 926
192 1093
193 1168
194 1154
195 929
196 498
197 2076
198 725
199 1420
200 2047
201 2070
202 3902
203 2114
204 2046
205 679
206 572
207 2044
208 1571
209 2022
210 728
211 2021
212 2142
213 732
214 3893
215 1438
216 570
217 1404
218 1433
219 1467
220 1402
221 1181
222 1164
223 1462
224 1193
225 1440
226 1439
227 1426
228 1430
229 1429
230 1474
231 2004
232 1569
233 184
234 365
235 202
236 1544
237 806
238 448
239 322
240 412
241 506
242 449
243 48
244 476
245 542
246 164
247 50
248 210
249 460
250 329
251 78
252 88
253 450
254 322
255 61
256 265
257 203
258 264
259 29
260 204
261 188
262 322
263 265
264 445
265 647
266 648
267 2041
268 2026
269 748
270 753
271 1423
272 194
273 193
274 231
275 646
276 753
277 1457
278 2038
279 1308
280 3522
281 3574
282 1878
283 1990
284 3525
285 746
286 3529
287 3566
288 577
289 1965
290 805
291 1986
292 804
293 435
294 399
295 435
296 434
297 258
298 240
299 102
300 133
301 146
302 512
303 239
304 229
305 531
306 6
307 66
308 162
309 392
310 402
311 171
312 171
313 125
314 172
315 126
316 388
317 125
318 142
319 172
320 171
321 1517
322 171
323 123
324 64
325 96
326 96
327 98
328 594
329 237
330 261
331 197
332 538
333 70
334 71
335 395
336 262
337 260
338 260
339 396
340 263
341 38
342 39
343 106
344 114
345 32
346 541
347 39
348 243
349 179
350 444
351 443
352 429
353 444
354 275
355 1938
356 140
357 430
358 91
359 43
360 44
361 309
362 129
363 1998
364 1923
365 1999
366 545
367 65
368 418
369 388
370 1562
371 169
372 3760
373 232
374 53
375 95
376 457
377 420
378 1905
379 180
380 1498
381 54
382 144
383 1897
384 1896
385 11
386 8
387 1326
388 2162
389 736
390 14
391 552
392 2115
393 2036
394 3562
395 112
396 2484
397 2151
398 221
399 3510
400 2005
401 109
402 2629
403 2560
404 2224
405 3076
406 786
407 497
408 3685
409 3681
410 695
411 2116
412 2054
413 3561
414 3521
415 2067
416 3143
417 3102
418 2190
419 3082
420 3089
421 3777
422 2195
423 3151
424 2512
425 2555
426 2582
427 2516
428 3696
429 3675
430 3741
431 2586
432 338
433 3692
434 2371
435 2465
436 4528
437 2501
438 2563
439 2611
440 2576
441 2577
442 2566
443 3159
444 3153
445 3721
446 3735
447 3553
448 3704
449 3786
450 3718
451 2198
452 2090
453 3748
454 3070
455 2000
456 3706
457 2166
458 2504
459 2559
460 2288
461 2558
462 4829
463 4829
464 4816
465 4829
466 4816
467 4803
468 2283
469 2558
470 2524
471 4829
472 2559
473 3776
474 4854
475 2557
476 4568
477 4841
478 2367
479 3130
480 2207
481 1752
482 3098
483 3111
484 3516
485 704
486 3880
487 3859
488 3899
489 3878
490 27
491 3872
492 3864
493 668
494 707
495 670
496 2137
497 1449
498 1013
499 1450
500 3848
501 706
502 2034
503 3885
504 627
505 573
506 1445
507 2126
508 1365
509 1366
510 3903
511 1418
512 1357
513 1243
514 3950
515 3099
516 2925
517 3100
518 2762
519 2923
520 2240
521 1629
522 3668
523 3564
524 3573
525 3808
526 766
527 1650
528 3642
529 3586
530 487
531 1640
532 488
533 1639
534 1820
535 3508
536 1823
537 2757
538 2756
539 1621
540 1620
541 1632
542 2909
543 1630
544 1630
545 1395
546 1392
547 2749
548 3607
549 2789
550 2750
551 3490
552 3492
553 2791
554 2740
555 2737
556 2816
557 2808
558 3802
559 3795
560 2792
561 3096
562 3112
563 3116
564 2722
565 3436
566 3127
567 3472
568 3471
569 3466
570 3476
571 3480
572 2018
573 3432
574 3434
575 3479
576 3388
577 2822
578 2823
579 2218
580 1932
581 3174
582 3142
583 2253
584 1727
585 3450
586 1726
587 3448
588 3387
589 3384
590 3055
591 957
592 3054
593 957
594 3055
595 675
596 3056
597 868
598 3486
599 3382
600 2975
601 2974
602 887
603 956
604 2226
605 2227
606 956
607 2227
608 1121
609 895
610 2210
611 2263
612 2643
613 843
614 914
615 1203
616 2705
617 1296
618 1076
619 2684
620 854
621 854
622 853
623 743
624 743
625 744
626 744
627 1272
628 1828
629 2698
630 1035
631 851
632 2250
633 1250
634 1238
635 1250
636 1036
637 1884
638 614
639 1238
640 1236
641 1236
642 743
643 853
644 853
645 1107
646 2686
647 2673
648 1246
649 1245
650 1295
651 1167
652 616
653 938
654 659
655 1845
656 836
657 1842
658 1843
659 2674
660 941
661 1038
662 1073
663 940
664 1072
665 1038
666 536
667 635
668 698
669 2624
670 983
671 940
672 1829
673 1072
674 710
675 800
676 607
677 657
678 710
679 526
680 984
681 778
682 1094
683 597
684 1139
685 1334
686 642
687 1838
688 2626
689 872
690 523
691 524
692 523
693 1315
694 1319
695 901
696 862
697 861
698 1307
699 1307
700 1274
701 3004
702 1039
703 989
704 537
705 1040
706 1040
707 1042
708 1124
709 1041
710 1488
711 1030
712 596
713 3020
714 524
715 1090
716 685
717 1859
718 537
719 620
720 621
721 1962
722 3062
723 3060
724 2707
725 3161
726 3061
727 1985
728 2180
729 3764
730 3079
731 2574
732 2570
733 2433
734 2599
735 2545
736 2543
737 1983
738 3064
739 2214
740 2258
741 2168
742 3156
743 3081
744 3770
745 2182
746 2318
747 2533
748 2434
749 2343
750 2020
751 2537
752 3133
753 3138
754 2706
755 1266
756 1091
757 2146
758 2145
759 2634
760 1314
761 601
762 2983
763 666
764 665
765 2998
766 751
767 3488
768 2992
769 585
770 3005
771 751
772 789
773 2147
774 1310
775 3066
776 2262
777 3025
778 2261
779 3042
780 3046
781 3074
782 3049
783 2963
784 2260
785 2956
786 3036
787 2951
788 2953
789 3163
790 3168
791 2968
792 3167
793 2960
794 2594
795 2476
796 3746
797 3559
798 1751
799 1826
800 3543
801 3504
802 2811
803 2937
804 3543
805 2810
806 2813
807 2849
808 2850
809 2851
810 2892
811 2853
812 2829
813 2832
814 2847
815 3792
816 4452
817 1422
818 4465
819 865
820 1371
821 1353
822 865
823 865
824 4062
825 4074
826 4075
827 4075
828 4062
829 846
830 4062
831 847
832 3929
833 3929
834 4178
835 4233
836 4231
837 1085
838 4113
839 837
840 1001
841 4466
842 4112
843 4466
844 4466
845 4466
846 4465
847 1008
848 1000
849 1126
850 1117
851 4285
852 1108
853 4273
854 1154
855 1164
856 1154
857 3550
858 3520
859 3568
860 2200
861 709
862 3889
863 2155
864 588
865 2148
866 2152
867 1874
868 1976
869 1977
870 803
871 1881
872 3883
873 1892
874 1890
875 3498
876 1868
877 799
878 2024
879 1871
880 3528
881 2016
882 2970
883 3755
884 1350
885 1458
886 1458
887 1465
888 4260
889 4260
890 1181
891 1164
892 4190
893 2732
894 2310
895 2352
896 2269
897 2326
898 2408
899 2405
900 5014
901 2415
902 2432
903 2432
904 2433
905 2433
906 2433
907 2433
908 2445
909 2433
910 2602
911 2378
912 4647
913 2595
914 4684
915 4685
916 4624
917 4636
918 2433
919 4611
920 2396
921 2363
922 3930
923 2361
924 3930
925 2280
926 2284
927 2281
928 2430
929 2357
930 2367
931 4842
932 4841
933 4829
934 4829
935 4528
936 4762
937 1675
938 1806
939 1679
940 490
941 483
942 488
943 482
944 469
945 468
946 1680
947 2796
948 1393
949 131
950 298
951 57
952 147
953 86
954 285
955 286
956 285
957 263
958 396
959 1537
960 437
961 311
962 521
963 1538
964 1550
965 230
966 230
967 229
968 30
969 363
970 30
971 516
972 2028
973 554
974 981
975 1036
976 789
977 557
978 1306
979 1306
980 890
981 1856
982 3625
983 3624
984 3626
985 3626
986 3656
987 1800
988 3655
989 3611
990 1797
991 1799
992 1863
993 1864
994 3919
995 3921
996 1863
997 1864
998 3499
999 3604
1000 3401
1001 3600
1002 3601
1003 3404
1004 3414
1005 3673
1006 3598
1007 3397
1008 3413
1009 3441
1010 3405
1011 3408
1012 3395
1013 3398
1014 3409
1015 3410
1016 3410
1017 3429
1018 3428
1019 2901
1020 2903
1021 3427
1022 3402
1023 2946
1024 3393
1025 3416
1026 3391
1027 3392
1028 3417
1029 3445
1030 3443
1031 3419
1032 3446
1033 3455
1034 3442
1035 3454
1036 3459
1037 3701
1038 3676
1039 3698
1040 3599
1041 3593
1042 3595
1043 3594
1044 3740
1045 3629
1046 3628
1047 3722
1048 3724
1049 3717
1050 3588
1051 3730
1052 3587
1053 3583
1054 3677
1055 3636
1056 3635
1057 3695
1058 3680
1059 3679
1060 3643
1061 2946
1062 2947
1063 2902
1064 2947
1065 3798
1066 3796
1067 2904
1068 2899
1069 3800
1070 2899
1071 2878
1072 3796
1073 2880
1074 2879
1075 2878
1076 2878
1077 2713
1078 2840
1079 2840
1080 2863
1081 2713
1082 2879
1083 2898
1084 2882
1085 2855
1086 2906
1087 2929
1088 2948
1089 2879
1090 3806
1091 2871
1092 2871
1093 3805
1094 2876
1095 3806
1096 2819
1097 3793
1098 2900
1099 2901
1100 2875
1101 3511
1102 2949
1103 3800
1104 1866
1105 3923
1106 1801
1107 3502
1108 1796
1109 1801
1110 3503
1111 2939
1112 1850
1113 1802
1114 1826
1115 3504
1116 1803
1117 1793
1118 1795
1119 3928
1120 3919
1121 1797
1122 1770
1123 1796
1124 1770
1125 1775
1126 1748
1127 1723
1128 1773
1129 1771
1130 1771
1131 3928
1132 1771
1133 3927
1134 1768
1135 1763
1136 1576
1137 1763
1138 3916
1139 1702
1140 1577
1141 1577
1142 1577
1143 1578
1144 1758
1145 1711
1146 1732
1147 1767
1148 1767
1149 1769
1150 1766
1151 3662
1152 3658
1153 1599
1154 1598
1155 1707
1156 1705
1157 3920
1158 1708
1159 1699
1160 1700
1161 3761
1162 1690
1163 3917
1164 3769
1165 1689
1166 1686
1167 3772
1168 3538
1169 3925
1170 3771
1171 1805
1172 3515
1173 1672
1174 1673
1175 1695
1176 1686
1177 1694
1178 1749
1179 1749
1180 1611
1181 1672
1182 1671
1183 2064
1184 1608
1185 1606
1186 1673
1187 1610
1188 1626
1189 1646
1190 1638
1191 1602
1192 1603
1193 1601
1194 2071
1195 1605
1196 1585
1197 2079
1198 2080
1199 1587
1200 1709
1201 1710
1202 1715
1203 1717
1204 1735
1205 1716
1206 1696
1207 1734
1208 1738
1209 1791
1210 1734
1211 1740
1212 3664
1213 3663
1214 3660
1215 3667
1216 3665
1217 3672
1218 3671
1219 2083
1220 3734
1221 1087
1222 591
1223 3752
1224 3726
1225 3738
1226 3716
1227 3653
1228 3578
1229 3579
1230 3652
1231 3577
1232 3756
1233 3742
1234 2012
1235 3754
1236 566
1237 2009
1238 1092
1239 681
1240 688
1241 942
1242 3867
1243 589
1244 2112
1245 2108
1246 1389
1247 2102
1248 2101
1249 3881
1250 1397
1251 961
1252 919
1253 979
1254 1006
1255 1008
1256 4026
1257 993
1258 4307
1259 954
1260 4399
1261 1378
1262 968
1263 950
1264 947
1265 815
1266 1155
1267 1161
1268 1113
1269 1401
1270 939
1271 2107
1272 2094
1273 2097
1274 2113
1275 501
1276 3895
1277 1384
1278 624
1279 2069
1280 724
1281 629
1282 1422
1283 2114
1284 2075
1285 1403
1286 944
1287 3875
1288 679
1289 3877
1290 2044
1291 1571
1292 680
1293 682
1294 2011
1295 2010
1296 730
1297 729
1298 2022
1299 2021
1300 2143
1301 2023
1302 731
1303 571
1304 3896
1305 2045
1306 2043
1307 570
1308 569
1309 1404
1310 1403
1311 1404
1312 1433
1313 1434
1314 1164
1315 1402
1316 1164
1317 1181
1318 1164
1319 1189
1320 1464
1321 1193
1322 1435
1323 1476
1324 1441
1325 1440
1326 1425
1327 1432
1328 1430
1329 1429
1330 2140
1331 1474
1332 1475
1333 1401
1334 3757
1335 565
1336 568
1337 561
1338 2004
1339 224
1340 1531
1341 213
1342 377
1343 305
1344 734
1345 413
1346 1956
1347 449
1348 322
1349 448
1350 449
1351 504
1352 48
1353 476
1354 186
1355 256
1356 51
1357 50
1358 49
1359 508
1360 164
1361 217
1362 518
1363 49
1364 476
1365 329
1366 78
1367 460
1368 292
1369 101
1370 187
1371 60
1372 504
1373 60
1374 61
1375 61
1376 203
1377 203
1378 265
1379 204
1380 29
1381 204
1382 450
1383 28
1384 322
1385 322
1386 265
1387 266
1388 185
1389 648
1390 412
1391 647
1392 647
1393 1970
1394 2041
1395 2029
1396 748
1397 645
1398 646
1399 1016
1400 1946
1401 195
1402 193
1403 1494
1404 231
1405 194
1406 753
1407 646
1408 646
1409 266
1410 1324
1411 1454
1412 1969
1413 1470
1414 1654
1415 1299
1416 3557
1417 1991
1418 1456
1419 1879
1420 1656
1421 3530
1422 1017
1423 747
1424 745
1425 3536
1426 580
1427 3535
1428 578
1429 577
1430 1968
1431 445
1432 1979
1433 806
1434 446
1435 1986
1436 1981
1437 805
1438 1988
1439 177
1440 436
1441 151
1442 400
1443 1514
1444 435
1445 434
1446 272
1447 90
1448 258
1449 301
1450 300
1451 408
1452 796
1453 1542
1454 132
1455 238
1456 229
1457 239
1458 229
1459 316
1460 1540
1461 7
1462 247
1463 7
1464 5
1465 5
1466 403
1467 66
1468 346
1469 1560
1470 435
1471 1548
1472 171
1473 172
1474 125
1475 172
1476 126
1477 126
1478 388
1479 126
1480 125
1481 126
1482 172
1483 125
1484 171
1485 391
1486 386
1487 1517
1488 171
1489 171
1490 172
1491 125
1492 124
1493 125
1494 143
1495 64
1496 63
1497 2175
1498 96
1499 2175
1500 96
1501 96
1502 370
1503 97
1504 594
1505 41
1506 237
1507 544
1508 198
1509 538
1510 533
1511 70
1512 1486
1513 68
1514 281
1515 1487
1516 417
1517 134
1518 260
1519 137
1520 396
1521 459
1522 263
1523 261
1524 38
1525 113
1526 36
1527 106
1528 113
1529 115
1530 114
1531 515
1532 32
1533 244
1534 178
1535 39
1536 243
1537 244
1538 243
1539 179
1540 541
1541 71
1542 181
1543 443
1544 197
1545 443
1546 442
1547 444
1548 441
1549 551
1550 550
1551 139
1552 430
1553 551
1554 140
1555 139
1556 91
1557 45
1558 43
1559 44
1560 45
1561 307
1562 47
1563 277
1564 129
1565 1926
1566 3760
1567 1900
1568 44
1569 1998
1570 1999
1571 99
1572 1999
1573 545
1574 65
1575 65
1576 65
1577 142
1578 126
1579 418
1580 388
1581 511
1582 1562
1583 425
1584 511
1585 260
1586 544
1587 1998
1588 3760
1589 1998
1590 232
1591 231
1592 215
1593 53
1594 93
1595 232
1596 95
1597 93
1598 274
1599 1499
1600 421
1601 1904
1602 454
1603 180
1604 264
1605 181
1606 180
1607 267
1608 1498
1609 548
1610 54
1611 268
1612 1498
1613 753
1614 231
1615 1897
1616 194
1617 1896
1618 1896
1619 1325
1620 8
1621 1493
1622 13
1623 11
1624 2162
1625 737
1626 12
1627 1326
1628 3187
1629 14
1630 553
1631 559
1632 2115
1633 553
1634 10
1635 1949
1636 2036
1637 112
1638 111
1639 3013
1640 2151
1641 3012
1642 2484
1643 1948
1644 3510
1645 9
1646 539
1647 3570
1648 1857
1649 2008
1650 110
1651 2629
1652 2630
1653 2005
1654 2006
1655 2223
1656 2374
1657 2375
1658 109
1659 1897
1660 1902
1661 1901
1662 795
1663 552
1664 497
1665 496
1666 496
1667 785
1668 3685
1669 3681
1670 3685
1671 3649
1672 3646
1673 3582
1674 1642
1675 1643
1676 2052
1677 2048
1678 2068
1679 1895
1680 3521
1681 1684
1682 3606
1683 3103
1684 2868
1685 2760
1686 2759
1687 3084
1688 3087
1689 3150
1690 2085
1691 3603
1692 3780
1693 2514
1694 2553
1695 3149
1696 2550
1697 2515
1698 2511
1699 3682
1700 3674
1701 2580
1702 3145
1703 2585
1704 3675
1705 2585
1706 4723
1707 3688
1708 2455
1709 2588
1710 2472
1711 2486
1712 2499
1713 2370
1714 3686
1715 2372
1716 2564
1717 2611
1718 2569
1719 2577
1720 2612
1721 2562
1722 2567
1723 2578
1724 337
1725 3154
1726 3773
1727 335
1728 2178
1729 3789
1730 2194
1731 3555
1732 2203
1733 3750
1734 3495
1735 3732
1736 3720
1737 2197
1738 2199
1739 2091
1740 3718
1741 3782
1742 3172
1743 2608
1744 2186
1745 3748
1746 3729
1747 3157
1748 2165
1749 2610
1750 2509
1751 2518
1752 2520
1753 2506
1754 2506
1755 2558
1756 2288
1757 4829
1758 2288
1759 4829
1760 4816
1761 4829
1762 4803
1763 4816
1764 4816
1765 2287
1766 4802
1767 2524
1768 2559
1769 2558
1770 4829
1771 4829
1772 2506
1773 2465
1774 3776
1775 3141
1776 3141
1777 3140
1778 2559
1779 2524
1780 2556
1781 4564
1782 4866
1783 4841
1784 2369
1785 4841
1786 2529
1787 4906
1788 3781
1789 2123
1790 1755
1791 3766
1792 3104
1793 2087
1794 2206
1795 3121
1796 3110
1797 3647
1798 3560
1799 3518
1800 738
1801 697
1802 703
1803 3886
1804 3850
1805 673
1806 3849
1807 2135
1808 3913
1809 1448
1810 16
1811 3899
1812 18
1813 2138
1814 3874
1815 667
1816 1473
1817 708
1818 2136
1819 3864
1820 669
1821 3865
1822 1427
1823 1448
1824 1225
1825 1014
1826 1450
1827 4151
1828 3848
1829 3847
1830 706
1831 705
1832 3908
1833 1471
1834 2160
1835 3869
1836 628
1837 3885
1838 691
1839 2118
1840 1443
1841 1366
1842 1413
1843 1410
1844 1362
1845 622
1846 2125
1847 3906
1848 2122
1849 1418
1850 3832
1851 1329
1852 1367
1853 1453
1854 1293
1855 1348
1856 3876
1857 3090
1858 3101
1859 2926
1860 3102
1861 3099
1862 2763
1863 3621
1864 2924
1865 1628
1866 2918
1867 2233
1868 2919
1869 3563
1870 2922
1871 3571
1872 764
1873 3807
1874 1816
1875 1650
1876 3843
1877 3527
1878 3651
1879 2767
1880 2238
1881 3585
1882 488
1883 486
1884 1808
1885 485
1886 1640
1887 1639
1888 1815
1889 1819
1890 759
1891 3829
1892 2867
1893 3526
1894 3501
1895 1756
1896 2067
1897 1821
1898 2911
1899 2757
1900 2756
1901 1621
1902 1622
1903 1620
1904 1621
1905 2248
1906 2910
1907 1627
1908 1632
1909 1630
1910 1627
1911 2232
1912 2232
1913 1392
1914 2753
1915 1629
1916 1616
1917 2754
1918 2755
1919 2789
1920 2790
1921 2746
1922 2790
1923 2789
1924 3491
1925 3492
1926 3489
1927 2788
1928 2739
1929 2738
1930 2751
1931 3804
1932 2803
1933 2806
1934 2816
1935 3794
1936 2791
1937 2908
1938 2794
1939 3493
1940 2793
1941 2744
1942 2743
1943 2741
1944 3097
1945 3107
1946 3095
1947 3119
1948 2721
1949 2737
1950 3113
1951 3114
1952 3440
1953 3435
1954 3118
1955 3439
1956 3466
1957 3471
1958 3467
1959 3475
1960 3482
1961 3478
1962 2399
1963 2019
1964 3437
1965 3469
1966 3431
1967 3412
1968 3411
1969 3468
1970 3474
1971 3390
1972 3433
1973 2825
1974 2723
1975 2823
1976 3434
1977 3124
1978 2066
1979 2055
1980 2062
1981 2060
1982 3903
1983 3282
1984 221
1985 3185
1986 219
1987 1932
1988 1934
1989 2219
1990 220
1991 3142
1992 1932
1993 2254
1994 2979
1995 1931
1996 3449
1997 2254
1998 1727
1999 3422
2000 3449
2001 3421
2002 3448
2003 1726
2004 1727
2005 3479
2006 3387
2007 3389
2008 3448
2009 3386
2010 3383
2011 3451
2012 3054
2013 2980
2014 3055
2015 3488
2016 957
2017 3055
2018 3055
2019 675
2020 675
2021 3183
2022 868
2023 866
2024 3425
2025 3056
2026 3424
2027 3382
2028 2975
2029 2975
2030 2974
2031 3174
2032 2483
2033 2974
2034 887
2035 886
2036 957
2037 887
2038 2226
2039 888
2040 956
2041 956
2042 956
2043 2227
2044 925
2045 1097
2046 2621
2047 920
2048 2216
2049 1214
2050 1191
2051 597
2052 2667
2053 930
2054 859
2055 1936
2056 813
2057 1297
2058 1077
2059 853
2060 1296
2061 853
2062 854
2063 853
2064 854
2065 854
2066 743
2067 854
2068 744
2069 744
2070 744
2071 744
2072 1828
2073 791
2074 1272
2075 1035
2076 1828
2077 2698
2078 2699
2079 2250
2080 780
2081 1238
2082 1237
2083 781
2084 1250
2085 615
2086 1035
2087 1883
2088 615
2089 791
2090 744
2091 1238
2092 1236
2093 1236
2094 1236
2095 854
2096 743
2097 743
2098 741
2099 792
2100 613
2101 934
2102 853
2103 854
2104 853
2105 2653
2106 2686
2107 1237
2108 2686
2109 1107
2110 850
2111 2701
2112 2673
2113 850
2114 1257
2115 2684
2116 853
2117 2696
2118 2691
2119 1167
2120 24
2121 2650
2122 1255
2123 1296
2124 938
2125 1254
2126 1074
2127 2676
2128 25
2129 26
2130 24
2131 941
2132 1842
2133 1843
2134 1842
2135 1843
2136 941
2137 1303
2138 2672
2139 2674
2140 1333
2141 2675
2142 941
2143 836
2144 941
2145 940
2146 1073
2147 1066
2148 1038
2149 698
2150 701
2151 1038
2152 701
2153 1073
2154 1249
2155 2623
2156 940
2157 1118
2158 940
2159 940
2160 940
2161 1072
2162 1072
2163 801
2164 710
2165 2678
2166 609
2167 657
2168 690
2169 1073
2170 710
2171 698
2172 527
2173 1837
2174 777
2175 982
2176 2255
2177 983
2178 1031
2179 1133
2180 1262
2181 659
2182 1141
2183 1078
2184 1139
2185 596
2186 1334
2187 642
2188 1822
2189 1838
2190 643
2191 525
2192 1838
2193 522
2194 524
2195 611
2196 523
2197 1207
2198 900
2199 901
2200 901
2201 1319
2202 862
2203 1859
2204 863
2205 1307
2206 863
2207 862
2208 1275
2209 1304
2210 1319
2211 1039
2212 989
2213 989
2214 990
2215 861
2216 611
2217 1040
2218 1040
2219 1041
2220 1042
2221 1041
2222 656
2223 1124
2224 610
2225 871
2226 869
2227 870
2228 1334
2229 1334
2230 596
2231 1192
2232 596
2233 843
2234 3020
2235 1028
2236 525
2237 524
2238 1160
2239 642
2240 1199
2241 776
2242 1139
2243 685
2244 776
2245 528
2246 529
2247 526
2248 1859
2249 1837
2250 990
2251 536
2252 537
2253 534
2254 1271
2255 860
2256 620
2257 1853
2258 1963
2259 2211
2260 1961
2261 3059
2262 2212
2263 3060
2264 3062
2265 3058
2266 3162
2267 3061
2268 2180
2269 1984
2270 2181
2271 3080
2272 1985
2273 3733
2274 3078
2275 3159
2276 2575
2277 2570
2278 2572
2279 2613
2280 2571
2281 2601
2282 2545
2283 2543
2284 2543
2285 2545
2286 1982
2287 3161
2288 3064
2289 3160
2290 3063
2291 2213
2292 2259
2293 2256
2294 2189
2295 2167
2296 3156
2297 3708
2298 3155
2299 3706
2300 3731
2301 3079
2302 2320
2303 3747
2304 2183
2305 2319
2306 3081
2307 3135
2308 2542
2309 2544
2310 2542
2311 2431
2312 2344
2313 3711
2314 3139
2315 2534
2316 2017
2317 3128
2318 3129
2319 2185
2320 3744
2321 2538
2322 2707
2323 2706
2324 3057
2325 3484
2326 3481
2327 3485
2328 1314
2329 1124
2330 1314
2331 2146
2332 2145
2333 793
2334 2145
2335 2145
2336 1041
2337 1091
2338 2145
2339 1772
2340 1762
2341 1762
2342 2634
2343 1047
2344 601
2345 2634
2346 2227
2347 600
2348 666
2349 1913
2350 600
2351 664
2352 2998
2353 664
2354 957
2355 3488
2356 3488
2357 1056
2358 586
2359 3054
2360 3054
2361 1104
2362 1930
2363 751
2364 1286
2365 585
2366 2635
2367 1330
2368 1929
2369 2144
2370 2144
2371 2147
2372 3030
2373 3067
2374 3076
2375 2263
2376 3039
2377 1310
2378 1311
2379 3042
2380 2262
2381 3041
2382 3028
2383 3044
2384 3047
2385 3038
2386 3051
2387 3045
2388 3050
2389 3033
2390 2955
2391 3035
2392 2951
2393 2260
2394 2258
2395 2257
2396 2952
2397 2954
2398 3163
2399 3164
2400 3168
2401 3077
2402 2966
2403 3167
2404 3166
2405 2591
2406 2961
2407 2593
2408 2482
2409 2607
2410 3029
2411 2773
2412 3736
2413 2132
2414 3558
2415 2958
2416 2771
2417 2215
2418 1266
2419 3010
2420 3680
2421 733
2422 3452
2423 3447
2424 2074
2425 1693
2426 1750
2427 1669
2428 1826
2429 1657
2430 3546
2431 1848
2432 2774
2433 2786
2434 2937
2435 3543
2436 2775
2437 2811
2438 1658
2439 2803
2440 3537
2441 3803
2442 2811
2443 2813
2444 2865
2445 2812
2446 2850
2447 2864
2448 2850
2449 2928
2450 2849
2451 2785
2452 2885
2453 3513
2454 2855
2455 2863
2456 2890
2457 2864
2458 2834
2459 2832
2460 2833
2461 2827
2462 2715
2463 2847
2464 2837
2465 2714
2466 3797
2467 2821
2468 2822
2469 2817
2470 2734
2471 1827
2472 1778
2473 1748
2474 1422
2475 4439
2476 1375
2477 1421
2478 4452
2479 864
2480 1416
2481 2114
2482 1422
2483 1369
2484 1357
2485 1369
2486 1357
2487 3827
2488 865
2489 865
2490 877
2491 1243
2492 4062
2493 4074
2494 4062
2495 4075
2496 4062
2497 846
2498 4088
2499 4062
2500 3824
2501 3929
2502 3929
2503 3929
2504 4217
2505 1229
2506 1065
2507 4232
2508 1075
2509 1068
2510 4151
2511 1242
2512 838
2513 1010
2514 1001
2515 4466
2516 847
2517 4087
2518 4112
2519 4086
2520 4062
2521 4466
2522 4466
2523 4466
2524 4466
2525 4466
2526 4466
2527 4466
2528 4465
2529 3950
2530 1353
2531 865
2532 4465
2533 4451
2534 1008
2535 4451
2536 840
2537 1006
2538 1001
2539 1127
2540 1003
2541 1115
2542 1126
2543 1000
2544 1135
2545 1147
2546 1125
2547 4273
2548 4286
2549 1175
2550 1163
2551 1154
2552 1170
2553 4273
2554 1085
2555 1101
2556 4425
2557 1154
2558 1824
2559 626
2560 3524
2561 2089
2562 3505
2563 2001
2564 2003
2565 3554
2566 2201
2567 574
2568 576
2569 712
2570 581
2571 3889
2572 2157
2573 3870
2574 2158
2575 2152
2576 2155
2577 2148
2578 1975
2579 2156
2580 1973
2581 1994
2582 1873
2583 1978
2584 1989
2585 1995
2586 3879
2587 1876
2588 1877
2589 3890
2590 1888
2591 638
2592 3567
2593 1893
2594 2042
2595 2154
2596 803
2597 1868
2598 798
2599 799
2600 2137
2601 797
2602 1869
2603 1472
2604 1869
2605 1872
2606 2153
2607 2034
2608 3888
2609 3565
2610 583
2611 2015
2612 2013
2613 2971
2614 2032
2615 3532
2616 3719
2617 3783
2618 2959
2619 3755
2620 3723
2621 3751
2622 3170
2623 3165
2624 604
2625 1012
2626 3860
2627 1459
2628 1044
2629 1461
2630 1458
2631 1461
2632 4231
2633 4245
2634 1462
2635 1466
2636 4259
2637 4260
2638 1181
2639 4260
2640 1164
2641 1164
2642 1164
2643 1181
2644 1164
2645 1164
2646 1164
2647 4247
2648 4217
2649 4177
2650 3962
2651 1350
2652 694
2653 2141
2654 2024
2655 802
2656 2838
2657 3432
2658 2874
2659 2732
2660 2877
2661 3384
2662 3134
2663 3132
2664 4580
2665 2526
2666 2337
2667 2350
2668 2339
2669 2331
2670 2271
2671 2312
2672 2412
2673 2411
2674 2403
2675 5014
2676 2418
2677 2408
2678 5014
2679 2432
2680 2427
2681 2433
2682 2433
2683 2433
2684 2433
2685 2433
2686 2433
2687 2445
2688 2443
2689 2433
2690 2439
2691 4647
2692 2379
2693 4635
2694 4504
2695 2385
2696 2378
2697 4659
2698 4659
2699 4684
2700 2598
2701 2445
2702 4623
2703 4624
2704 4648
2705 4611
2706 2433
2707 2433
2708 2433
2709 2543
2710 4611
2711 4611
2712 2397
2713 4611
2714 5015
2715 2395
2716 2409
2717 2363
2718 2363
2719 2364
2720 3930
2721 3930
2722 3930
2723 2284
2724 2366
2725 2279
2726 2393
2727 2396
2728 2426
2729 2432
2730 2434
2731 2434
2732 2360
2733 2361
2734 4592
2735 2365
2736 2356
2737 2367
2738 2281
2739 4841
2740 2285
2741 2369
2742 4829
2743 4829
2744 4829
2745 4829
2746 3616
2747 3616
2748 4816
2749 4829
2750 4828
2751 4841
2752 2475
2753 3070
2754 2609
2755 2952
2756 2596
2757 4528
2758 4788
2759 4762
2760 4789
2761 2464
2762 4723
2763 2458
2764 4516
2765 2225
2766 480
2767 1674
2768 1676
2769 1677
2770 3845
2771 3839
2772 1675
2773 1807
2774 774
2775 484
2776 484
2777 483
2778 490
2779 485
2780 482
2781 488
2782 2172
2783 468
2784 1682
2785 468
2786 3810
2787 1679
2788 468
2789 1625
2790 2792
2791 3590
2792 1392
2793 3590
2794 3180
2795 3661
2796 3642
2797 266
2798 646
2799 101
2800 131
2801 131
2802 131
2803 59
2804 254
2805 147
2806 105
2807 58
2808 114
2809 114
2810 114
2811 285
2812 286
2813 286
2814 285
2815 1539
2816 263
2817 396
2818 459
2819 135
2820 1563
2821 783
2822 1537
2823 168
2824 169
2825 521
2826 440
2827 1536
2828 1555
2829 393
2830 1550
2831 66
2832 1538
2833 230
2834 520
2835 230
2836 520
2837 162
2838 230
2839 162
2840 229
2841 229
2842 229
2843 33
2844 252
2845 34
2846 28
2847 204
2848 516
2849 30
2850 368
2851 77
2852 510
2853 510
2854 188
2855 30
2856 243
2857 265
2858 1550
2859 310
2860 386
2861 1208
2862 2028
2863 676
2864 981
2865 556
2866 1883
2867 662
2868 585
2869 557
2870 584
2871 789
2872 678
2873 788
2874 788
2875 1306
2876 1305
2877 1306
2878 752
2879 621
2880 890
2881 618
2882 787
2883 619
2884 1856
2885 1855
2886 1036
2887 782
2888 2624
2889 1884
2890 3626
2891 3654
2892 1800
2893 1799
2894 1863
2895 3655
2896 3605
2897 3630
2898 3413
2899 3406
2900 3410
2901 3429
2902 3426
2903 3403
2904 3427
2905 3415
2906 3392
2907 3444
2908 3419
2909 3441
2910 3458
2911 3673
2912 3707
2913 3614
2914 3594
2915 3629
2916 3715
2917 3725
2918 3588
2919 3677
2920 3679
2921 3697
2922 3643
2923 3598
2924 2946
2925 2902
2926 3798
2927 3796
2928 2878
2929 2840
2930 2836
2931 2713
2932 2899
2933 2853
2934 2784
2935 2905
2936 3806
2937 2879
2938 3806
2939 3793
2940 2900
2941 2903
2942 2901
2943 2949
2944 1866
2945 2947
2946 1864
2947 3921
2948 2948
2949 1865
2950 1848
2951 1667
2952 1802
2953 2937
2954 1797
2955 3919
2956 1774
2957 1777
2958 1719
2959 1773
2960 1771
2961 3927
2962 1763
2963 3916
2964 1577
2965 1723
2966 1578
2967 1579
2968 1798
2969 1769
2970 3659
2971 1597
2972 1701
2973 3918
2974 1698
2975 1690
2976 1688
2977 3772
2978 3769
2979 1693
2980 1697
2981 1672
2982 1607
2983 1610
2984 3817
2985 1671
2986 1600
2987 2078
2988 1584
2989 1703
2990 1710
2991 1716
2992 1735
2993 1733
2994 1737
2995 1717
2996 1707
2997 3660
2998 3670
2999 3671
3000 1574
3001 3728
3002 3717
3003 3724
3004 3658
3005 3578
3006 3577
3007 2012
3008 3753
3009 1092
3010 683
3011 2109
3012 2101
3013 2110
3014 986
3015 992
3016 4307
3017 4360
3018 970
3019 807
3020 1152
3021 1169
3022 2098
3023 2104
3024 630
3025 3891
3026 2095
3027 3900
3028 943
3029 3877
3030 681
3031 2009
3032 2011
3033 2021
3034 731
3035 571
3036 2043
3037 569
3038 3875
3039 1403
3040 1437
3041 1402
3042 1164
3043 1189
3044 1477
3045 1436
3046 1431
3047 1441
3048 1432
3049 1401
3050 565
3051 532
3052 729
3053 1557
3054 449
3055 449
3056 476
3057 51
3058 509
3059 1485
3060 376
3061 460
3062 78
3063 328
3064 450
3065 61
3066 203
3067 204
3068 28
3069 322
3070 322
3071 187
3072 647
3073 1950
3074 645
3075 1947
3076 196
3077 195
3078 646
3079 647
3080 2040
3081 2033
3082 1455
3083 1867
3084 1424
3085 740
3086 1894
3087 1016
3088 1966
3089 447
3090 1980
3091 1992
3092 411
3093 174
3094 148
3095 434
3096 228
3097 89
3098 408
3099 1543
3100 238
3101 239
3102 190
3103 7
3104 403
3105 346
3106 435
3107 172
3108 126
3109 126
3110 172
3111 1561
3112 1516
3113 1548
3114 171
3115 173
3116 125
3117 143
3118 224
3119 2175
3120 3653
3121 96
3122 371
3123 41
3124 197
3125 69
3126 1486
3127 137
3128 281
3129 533
3130 37
3131 113
3132 515
3133 241
3134 36
3135 244
3136 541
3137 178
3138 68
3139 443
3140 442
3141 429
3142 139
3143 138
3144 42
3145 45
3146 46
3147 279
3148 1922
3149 727
3150 245
3151 99
3152 1999
3153 62
3154 65
3155 142
3156 126
3157 1566
3158 511
3159 543
3160 544
3161 1998
3162 232
3163 215
3164 93
3165 127
3166 1906
3167 454
3168 421
3169 181
3170 454
3171 267
3172 548
3173 1498
3174 231
3175 3760
3176 231
3177 194
3178 1896
3179 1903
3180 1325
3181 13
3182 15
3183 558
3184 553
3185 1949
3186 3013
3187 3012
3188 1948
3189 9
3190 334
3191 1494
3192 1149
3193 2630
3194 2972
3195 2006
3196 110
3197 1897
3198 1902
3199 1901
3200 497
3201 496
3202 784
3203 3681
3204 3685
3205 785
3206 3581
3207 3739
3208 1644
3209 1684
3210 3591
3211 2761
3212 3787
3213 2555
3214 2513
3215 2583
3216 2586
3217 3688
3218 2588
3219 2498
3220 3699
3221 2456
3222 2569
3223 2568
3224 2565
3225 338
3226 3712
3227 2205
3228 3146
3229 2179
3230 2196
3231 3720
3232 3173
3233 3782
3234 336
3235 3068
3236 2518
3237 2504
3238 2288
3239 4829
3240 4816
3241 4815
3242 2558
3243 2288
3244 2287
3245 2485
3246 3141
3247 2524
3248 4853
3249 4841
3250 4879
3251 2559
3252 3759
3253 3131
3254 2124
3255 3122
3256 2086
3257 2193
3258 3648
3259 702
3260 723
3261 3868
3262 27
3263 17
3264 2030
3265 668
3266 2138
3267 1428
3268 1226
3269 3854
3270 3847
3271 705
3272 2161
3273 3871
3274 3908
3275 1446
3276 1364
3277 3911
3278 2119
3279 1417
3280 1362
3281 1468
3282 1349
3283 674
3284 739
3285 3091
3286 3101
3287 2765
3288 2913
3289 2920
3290 765
3291 1809
3292 2912
3293 2239
3294 486
3295 1640
3296 1817
3297 1810
3298 2921
3299 2868
3300 1757
3301 1818
3302 2757
3303 1619
3304 1622
3305 1621
3306 1627
3307 2232
3308 1616
3309 1628
3310 1616
3311 2789
3312 3491
3313 2739
3314 2789
3315 2807
3316 2815
3317 2908
3318 3493
3319 2790
3320 3607
3321 2743
3322 2742
3323 3108
3324 3113
3325 3439
3326 3467
3327 3473
3328 2710
3329 3469
3330 3465
3331 3470
3332 3438
3333 2720
3334 2824
3335 3115
3336 2736
3337 3086
3338 2056
3339 1606
3340 2051
3341 622
3342 3312
3343 3209
3344 222
3345 1933
3346 220
3347 2219
3348 2979
3349 2251
3350 3449
3351 3448
3352 1726
3353 3390
3354 3420
3355 3385
3356 2253
3357 3054
3358 3055
3359 675
3360 3183
3361 3425
3362 3424
3363 2980
3364 3174
3365 2483
3366 2981
3367 2974
3368 887
3369 888
3370 956
3371 957
3372 1727
3373 2693
3374 2622
3375 1050
3376 810
3377 853
3378 853
3379 854
3380 744
3381 744
3382 1828
3383 780
3384 2702
3385 780
3386 1882
3387 615
3388 1238
3389 1236
3390 744
3391 743
3392 855
3393 744
3394 792
3395 854
3396 2652
3397 1278
3398 1237
3399 850
3400 850
3401 2686
3402 2684
3403 1257
3404 1167
3405 853
3406 1295
3407 1137
3408 874
3409 24
3410 1842
3411 1842
3412 2672
3413 1303
3414 1333
3415 2675
3416 941
3417 941
3418 1333
3419 701
3420 701
3421 1066
3422 833
3423 940
3424 1072
3425 2678
3426 690
3427 710
3428 689
3429 2679
3430 1031
3431 983
3432 1095
3433 661
3434 1138
3435 642
3436 1822
3437 522
3438 522
3439 901
3440 1319
3441 863
3442 1275
3443 1319
3444 901
3445 1859
3446 900
3447 1040
3448 1124
3449 611
3450 869
3451 1822
3452 1334
3453 597
3454 1029
3455 1214
3456 1334
3457 525
3458 640
3459 642
3460 685
3461 685
3462 606
3463 1165
3464 529
3465 989
3466 987
3467 990
3468 535
3469 534
3470 1853
3471 2211
3472 1960
3473 3059
3474 3061
3475 1984
3476 3767
3477 2575
3478 2573
3479 2614
3480 2543
3481 2545
3482 1983
3483 3161
3484 2213
3485 2259
3486 2188
3487 3763
3488 2166
3489 3158
3490 3733
3491 2183
3492 2321
3493 2544
3494 2316
3495 3081
3496 3136
3497 2019
3498 2184
3499 3784
3500 2707
3501 3057
3502 3483
3503 3060
3504 2401
3505 3021
3506 2146
3507 2145
3508 1041
3509 1314
3510 1124
3511 1024
3512 1041
3513 2634
3514 2145
3515 1913
3516 956
3517 664
3518 925
3519 2997
3520 3054
3521 1056
3522 586
3523 3488
3524 2982
3525 1042
3526 749
3527 2144
3528 3076
3529 1312
3530 3040
3531 3048
3532 3043
3533 3036
3534 2257
3535 3034
3536 2951
3537 3164
3538 3052
3539 3166
3540 2592
3541 3075
3542 3030
3543 2133
3544 2962
3545 2950
3546 2258
3547 2216
3548 1265
3549 2146
3550 3011
3551 3644
3552 3680
3553 734
3554 3446
3555 3453
3556 3447
3557 2082
3558 1694
3559 1750
3560 1751
3561 2866
3562 2774
3563 1657
3564 2804
3565 2811
3566 2810
3567 2850
3568 2787
3569 2784
3570 2934
3571 2855
3572 2852
3573 2814
3574 2833
3575 2712
3576 2848
3577 2714
3578 2820
3579 3791
3580 2834
3581 2818
3582 1687
3583 1667
3584 1740
3585 1791
3586 1836
3587 2073
3588 1421
3589 864
3590 1371
3591 1371
3592 1369
3593 865
3594 877
3595 4062
3596 4062
3597 3824
3598 3929
3599 4219
3600 1063
3601 1284
3602 1010
3603 3824
3604 4088
3605 4087
3606 4062
3607 4466
3608 4466
3609 4466
3610 4466
3611 4086
3612 865
3613 4465
3614 4451
3615 847
3616 1010
3617 1127
3618 1003
3619 1132
3620 4273
3621 1144
3622 4285
3623 1115
3624 1006
3625 4438
3626 1422
3627 4425
3628 2122
3629 1113
3630 2066
3631 625
3632 2088
3633 2187
3634 2002
3635 575
3636 3873
3637 2157
3638 2152
3639 1975
3640 1987
3641 1880
3642 1889
3643 1825
3644 633
3645 1996
3646 2156
3647 1974
3648 798
3649 797
3650 2136
3651 1868
3652 2153
3653 2159
3654 3888
3655 582
3656 2014
3657 2031
3658 3758
3659 2967
3660 2927
3661 3723
3662 3751
3663 3171
3664 3169
3665 603
3666 3890
3667 692
3668 1472
3669 3857
3670 1014
3671 1461
3672 1460
3673 4259
3674 4273
3675 1164
3676 1189
3677 1164
3678 1164
3679 1163
3680 4260
3681 4246
3682 4204
3683 4151
3684 3962
3685 1044
3686 1475
3687 3892
3688 693
3689 2142
3690 802
3691 1168
3692 1128
3693 799
3694 2840
3695 2837
3696 3412
3697 3430
3698 2733
3699 2877
3700 3431
3701 3478
3702 3381
3703 889
3704 3125
3705 3774
3706 2525
3707 2540
3708 2345
3709 2324
3710 2270
3711 2416
3712 2437
3713 2433
3714 2433
3715 2439
3716 2379
3717 2385
3718 4659
3719 2379
3720 4636
3721 2439
3722 2443
3723 2433
3724 2433
3725 4611
3726 5015
3727 2414
3728 2413
3729 3930
3730 2368
3731 2392
3732 4624
3733 5015
3734 2427
3735 2429
3736 2542
3737 2433
3738 2364
3739 2360
3740 2365
3741 2366
3742 2280
3743 4829
3744 2285
3745 3616
3746 4816
3747 4829
3748 4829
3749 4828
3750 2369
3751 2356
3752 3069
3753 2609
3754 3165
3755 3155
3756 2256
3757 2373
3758 2472
3759 4788
3760 4790
3761 2468
3762 4723
3763 4516
3764 2597
3765 4661
3766 2561
3767 2222
3768 2805
3769 1648
3770 480
3771 1673
3772 1805
3773 1677
3774 3836
3775 484
3776 483
3777 481
3778 485
3779 2172
3780 1680
3781 468
3782 480
3783 1676
3784 1682
3785 2793
3786 1392
3787 3180
3788 2799
3789 2800
3790 3639
3791 266
3792 646
3793 101
3794 131
3795 56
3796 105
3797 114
3798 1542
3799 286
3800 113
3801 459
3802 134
3803 135
3804 168
3805 1536
3806 393
3807 1555
3808 459
3809 1539
3810 520
3811 4
3812 230
3813 229
3814 230
3815 159
3816 285
3817 104
3818 84
3819 35
3820 31
3821 254
3822 510
3823 185
3824 28
3825 204
3826 243
3827 78
3828 266
3829 394
3830 387
3831 386
3832 1550
3833 265
3834 1209
3835 555
3836 556
3837 585
3838 996
3839 678
3840 788
3841 1306
3842 1285
3843 1305
3844 618
3845 787
3846 619
3847 890
3848 1855
3849 1883
3850 2623
3851 612
3852 782
3853 860
3854 1837
3855 1073