40 5011
41 4997
42 4964
43 4932
44 5010
45 5578
46 5202
47 4957
48 5191
49 4955
50 5581
51 2245
52 2338
53 2139
54 5196
55 2147
56 2404
57 5551
58 2372
59 2423
60 2141
61 2142
62 2378
63 2711
64 2726
65 2166
66 2077
67 2766
68 2406
69 2715
70 42
71 43
72 2644
73 2412
74 5220
75 5226
76 5529
77 5515
78 5301
79 5036
80 5043
81 5510
82 5633
83 5024
84 5235
85 2367
86 2769
87 2104
88 2107
89 2102
90 2855
91 2063
92 2060
93 1920
94 1942
95 441
96 1925
97 1923
98 323
99 312
100 2345
101 2344
102 2186
103 2330
104 1928
105 2266
106 2242
107 5666
108 4953
109 342
110 3201
111 3211
112 4911
113 5174
114 4919
115 3221
116 4765
117 4779
118 4798
119 5153
120 5611
121 5613
122 5151
123 5614
124 5284
125 5263
126 4898
127 5035
128 4791
129 5256
130 5259
131 4749
132 5166
133 5188
134 4727
135 3118
136 5050
137 2250
138 2252
139 3014
140 190
141 3066
142 4705
143 4723
144 4761
145 3114
146 5122
147 3015
148 5131
149 3032
150 3087
151 3031
152 4735
153 4822
154 4871
155 5254
156 4833
157 5261
158 4772
159 4774
160 3168
161 3173
162 4718
163 5609
164 5289
165 4832
166 5286
167 5246
168 4874
169 4893
170 5521
171 5651
172 3715
173 5471
174 5491
175 4687
176 5495
177 5498
178 4202
179 4213
180 4068
181 4101
182 4224
183 4089
184 3955
185 3973
186 3983
187 3862
188 3890
189 3909
190 4078
191 3912
192 3916
193 5490
194 5489
195 5482
196 4120
197 4827
198 4102
199 4091
200 4230
201 4198
202 4123
203 4096
204 5478
205 5102
206 4878
207 5499
208 5502
209 4884
210 4689
211 4434
212 4433
213 4506
214 4329
215 4154
216 4363
217 4187
218 4146
219 4047
220 4190
221 4050
222 4110
223 4054
224 4022
225 4150
226 4149
227 4169
228 4360
229 5416
230 4044
231 3712
232 3662
233 3605
234 3654
235 3432
236 3452
237 3695
238 3454
239 3485
240 3709
241 3451
242 3467
243 3463
244 3465
245 3453
246 3717
247 3679
248 3456
249 3462
250 3447
251 3462
252 3473
253 3484
254 3483
255 3482
256 3485
257 3504
258 3503
259 3491
260 3514
261 3480
262 3485
263 3494
264 4563
265 4256
266 4259
267 4446
268 4597
269 4565
270 4254
271 4519
273 4451
274 4253
275 4256
276 4254
277 4581
278 4665
279 4464
282 4618
283 4642
285 4304
288 4520
289 4646
290 4507
291 4625
292 4493
293 3557
294 3518
295 3596
296 3557
297 3486
298 3486
299 3448
300 3445
301 3474
302 3475
303 3507
304 3475
305 3524
306 3524
307 3676
308 3676
309 3589
310 3556
311 3611
312 3596
313 3541
314 3594
315 3545
316 3594
317 3541
318 3545
319 3611
320 3596
321 3611
322 3611
323 3545
324 3545
325 3626
326 3629
327 3621
328 3620
329 3610
330 3588
331 3586
332 3586
333 3534
334 3546
335 3563
336 3532
337 3554
338 3551
339 3549
340 3406
341 3513
342 3523
343 3510
344 3500
345 3514
346 3514
347 3523
348 3514
349 3516
350 3527
351 3567
352 3424
353 3528
354 3422
355 3423
356 3587
357 3707
358 3609
359 3621
360 3703
361 3703
363 3703
364 3707
365 3694
366 3560
367 3555
368 3594
369 3594
370 3575
371 3575
372 3703
373 3707
377 3515
379 3516
380 4251
382 4251
384 4574
385 4389
386 4297
387 4405
388 4572
390 4473
391 4404
392 4388
395 1525
396 1541
398 1533
400 1659
401 1430
402 1590
403 1658
404 1436
405 1584
406 5223
407 5308
408 5649
409 5635
410 4888
411 4853
412 4851
413 2231
414 2038
415 4856
416 2005
417 2003
418 1327
419 1357
420 1996
421 1233
422 1474
423 1186
424 912
425 1064
426 1261
427 1121
428 1408
429 1288
430 2509
431 2591
432 1483
433 1113
434 1160
435 882
436 978
437 2611
438 1297
439 1168
440 2558
441 2557
442 1488
443 2605
444 1414
445 1568
446 2507
447 1550
448 1388
449 1545
450 2552
451 2573
452 1642
453 1633
454 1638
455 2849
456 1489
457 1502
458 877
459 1056
460 1104
461 1024
462 2897
463 1032
464 2897
465 2906
467 846
468 846
469 1059
470 1024
471 1028
472 1224
473 1250
474 1092
475 1201
476 1051
477 1027
478 1110
479 1204
480 1230
481 1241
482 1325
483 1336
484 1957
485 4340
486 5323
487 4278
488 4271
489 5322
490 4347
491 5390
492 4354
493 4365
494 5386
495 5375
496 5443
497 5404
498 4037
499 3849
500 5432
501 5365
502 4499
503 5393
504 5320
505 5319
506 4063
507 4032
508 3759
509 3792
510 4179
511 3937
512 3908
513 3726
514 5433
515 2308
516 142
517 107
518 122
519 207
520 177
521 175
522 183
523 134
524 192
525 2988
526 3080
527 3001
528 76
529 80
530 3057
531 2990
532 3013
533 2998
534 3022
535 139
536 3046
537 82
538 90
539 90
540 87
541 86
542 93
543 88
544 105
545 102
546 103
547 188
548 128
549 162
550 219
551 1877
552 226
553 106
554 2256
555 1879
556 1894
557 1872
558 2210
559 2341
560 98
561 2017
562 1968
563 1979
564 2438
565 2797
566 1345
567 2472
568 2698
569 2696
570 2470
571 2021
572 2430
573 2194
574 1862
575 2703
576 2199
577 2440
578 1936
580 1540
581 1714
582 1524
583 2401
584 2493
585 2839
586 2837
587 2829
588 2827
589 2709
590 819
591 834
592 821
593 833
594 831
595 756
596 780
597 759
598 2659
599 2042
601 1713
603 1380
604 1706
605 1382
607 1382
608 799
609 557
610 1832
611 822
612 841
613 844
614 583
615 781
616 787
617 725
618 645
619 723
620 738
621 738
622 738
623 721
624 671
625 671
626 671
627 721
628 681
629 702
630 682
631 702
632 716
633 697
634 721
635 689
636 679
637 687
638 672
639 721
640 721
641 721
642 671
643 738
644 738
645 702
646 716
647 716
648 716
649 683
650 684
651 683
652 803
653 802
654 600
655 651
656 803
657 803
658 717
659 717
660 665
661 667
662 637
663 656
664 647
665 532
666 640
667 692
668 636
669 712
670 634
671 602
672 602
673 647
674 603
675 601
676 594
677 621
678 627
679 630
680 613
681 571
682 575
683 561
684 570
685 592
686 592
687 608
688 607
689 607
690 617
691 617
692 609
693 593
694 631
695 641
696 643
697 650
698 654
699 673
700 642
701 551
702 630
703 641
704 650
705 611
706 621
707 1377
708 610
709 793
710 590
711 578
712 840
713 580
714 619
715 579
716 570
717 641
718 650
719 693
720 673
721 1830
722 2031
723 2679
724 2690
725 1572
726 1573
727 1459
728 2664
729 1494
730 1282
731 1302
732 1275
733 1180
734 1172
735 1274
736 1176
737 1497
738 1575
739 1514
740 1507
741 2561
742 2631
743 2668
744 1329
745 2686
746 2872
747 1196
748 1238
749 1042
750 1341
751 1228
752 1351
753 1216
754 2683
755 836
756 793
757 1383
758 1383
759 1377
760 594
765 833
767 830
768 833
769 830
770 833
771 549
772 833
773 1386
774 1704
775 1738
776 1646
777 1789
778 1631
779 1767
780 1785
781 1793
782 1454
783 1690
784 1820
785 1695
786 1447
787 2842
788 2845
789 1698
790 1815
791 1816
792 1821
793 1803
794 1721
795 1603
796 1765
798 4703
799 3174
800 229
801 421
802 2861
803 417
804 2208
805 1849
806 1867
807 2865
808 1905
809 1914
810 285
811 281
812 2465
813 2466
814 2500
815 2443
816 3960
817 3930
818 3981
819 3904
820 3935
821 3933
822 3842
823 3906
824 5708
825 3726
826 3726
828 5708
834 3728
836 3801
838 3731
841 3901
842 5335
843 5716
844 3980
845 3977
846 3981
847 3983
848 3890
849 3855
851 3959
852 3916
853 4245
854 3940
855 4113
856 3940
857 1402
858 1757
859 1700
860 1777
861 4682
862 4680
863 4678
864 4634
865 4293
866 4291
867 4317
868 4674
869 4323
870 5380
871 4549
872 4623
873 4296
874 4673
876 5654
877 4371
878 4436
879 5657
880 1823
881 1776
882 1427
883 1824
884 5430
885 4013
886 3805
887 4022
888 3743
889 4050
890 4050
891 4049
892 5427
893 2293
894 1083
895 1100
896 1036
897 1043
898 1038
899 1043
900 1086
901 980
902 2694
903 937
904 1144
905 1177
906 1151
907 1149
908 1142
909 1178
910 1143
911 924
912 955
913 1137
914 956
915 857
916 870
918 1175
919 1372
923 1016
928 2873
929 1013
930 1110
932 1027
934 1106
935 858
936 860
937 3005
938 3000
939 3003
940 2994
941 2994
942 2995
943 2995
944 3011
945 3011
946 3009
947 95
948 103
949 3447
950 3452
951 3467
952 3479
953 3494
954 3508
955 3510
956 3520
957 3406
958 3570
959 3590
960 3590
961 3590
962 3589
963 3569
964 3590
965 3509
966 3676
967 3520
968 3482
969 3489
970 3490
971 3481
972 747
973 748
974 715
975 715
976 736
977 763
978 694
979 550
980 713
981 694
982 4938
983 4995
984 4963
985 4964
986 5009
987 5162
988 5586
989 5004
990 5177
991 5212
992 5190
993 5579
994 4959
995 5214
996 5575
997 5565
998 2247
999 4981
1000 2130
1001 4993
1002 5200
1003 2136
1004 2249
1005 5548
1006 5058
1007 2146
1008 2177
1009 2736
1010 2161
1011 2140
1012 2149
1013 2376
1014 2087
1015 2726
1016 2725
1017 2079
1018 2165
1019 2059
1020 2335
1021 2774
1022 2133
1023 2763
1024 2153
1025 2407
1026 2716
1027 2414
1028 2184
1029 2397
1030 2751
1031 2645
1032 2418
1033 2733
1034 2409
1035 2396
1036 2393
1037 5230
1038 5562
1039 5218
1040 4994
1041 5537
1042 4998
1043 5543
1044 5528
1045 5523
1046 4941
1047 4945
1048 5037
1049 5508
1050 5517
1051 5455
1052 5527
1053 5541
1054 5219
1055 5025
1056 5239
1057 5221
1058 5236
1059 5238
1060 5231
1061 2365
1062 2753
1063 2388
1064 2767
1065 2390
1066 2108
1067 2391
1068 2105
1069 2771
1070 2053
1071 2064
1072 2051
1073 1944
1074 1941
1075 2188
1076 2069
1077 1922
1078 1907
1079 1920
1080 337
1081 1925
1082 1924
1083 2887
1084 301
1085 327
1086 309
1087 2776
1088 452
1089 1942
1090 2065
1091 2344
1092 2343
1093 2327
1094 2073
1095 2348
1096 2325
1097 1930
1098 2350
1099 2333
1100 2044
1101 2243
1102 2788
1103 2752
1104 5600
1105 5593
1106 5583
1107 2245
1108 4953
1109 4978
1110 453
1111 352
1112 3235
1113 3330
1114 3298
1115 457
1116 3197
1117 3281
1118 5697
1119 4912
1120 4903
1121 5175
1122 4913
1123 4904
1124 4917
1125 3189
1126 3225
1127 5314
1128 4766
1129 4776
1130 5033
1131 4916
1132 4798
1133 5171
1134 5154
1135 5168
1136 5612
1137 4781
1138 5150
1139 5611
1140 5613
1141 4777
1142 4777
1143 5614
1144 5315
1145 5282
1146 5283
1147 4907
1148 4896
1149 5029
1150 4926
1151 5119
1152 5116
1153 4794
1154 4787
1155 5276
1156 5258
1157 5279
1158 4759
1159 5148
1160 5167
1161 4750
1162 4734
1163 4751
1164 3111
1165 5052
1166 5051
1167 3020
1168 2250
1169 4702
1170 3120
1171 2981
1172 225
1173 3064
1174 3062
1175 4729
1176 5050
1177 4726
1178 4767
1179 4754
1180 3028
1181 3091
1182 5085
1183 5135
1184 3113
1185 5106
1186 3117
1187 3114
1188 3036
1189 3106
1190 3032
1191 4736
1192 5089
1193 4709
1194 4847
1195 5092
1196 4742
1197 5249
1198 4821
1199 5255
1200 5260
1201 5280
1202 5262
1203 4756
1204 4772
1205 4771
1206 4768
1207 4775
1208 5678
1209 3166
1210 3152
1211 3160
1212 4793
1213 5273
1214 4802
1215 4720
1216 5271
1217 5290
1218 5252
1219 4838
1220 5287
1221 5251
1222 5245
1223 4877
1224 5454
1225 4876
1226 4806
1227 5662
1228 5519
1229 4972
1230 4967
1231 4892
1232 5512
1233 5095
1234 5182
1235 5493
1236 5513
1237 5628
1238 5463
1239 5497
1240 5465
1241 4219
1242 4238
1243 4215
1244 4124
1245 4185
1246 4100
1247 4216
1248 4217
1249 4090
1250 4088
1251 3949
1252 3952
1253 3972
1254 3887
1255 3861
1256 3954
1257 3884
1258 3878
1259 3910
1260 3921
1261 4084
1262 4070
1263 3974
1264 3913
1265 3856
1266 5485
1267 4111
1268 5486
1269 5683
1270 5483
1271 4204
1272 4205
1273 4828
1274 4072
1275 4119
1276 4080
1277 4071
1278 4228
1279 4229
1280 4194
1281 4121
1282 4094
1283 4123
1284 4199
1285 5479
1286 5481
1287 5476
1288 4880
1289 4881
1290 5500
1291 5473
1292 5105
1293 5475
1294 5492
1295 4883
1296 4690
1297 4691
1298 5185
1299 4375
1300 5501
1301 4378
1302 4379
1303 4415
1304 4330
1305 4326
1306 4155
1307 4376
1308 4414
1309 4187
1310 4188
1311 4153
1312 4152
1313 4047
1314 4049
1315 4190
1316 4110
1317 4050
1318 4049
1319 4052
1320 4053
1321 4022
1322 4148
1323 4051
1324 4175
1325 4150
1326 4170
1327 5371
1328 4174
1329 5417
1330 4358
1331 4173
1332 4046
1333 4112
1334 5469
1335 5631
1336 3687
1337 3670
1338 3710
1339 3543
1340 3427
1341 3690
1342 3415
1343 3700
1344 3698
1345 3699
1346 3454
1347 3467
1348 3667
1349 3454
1350 3467
1351 3483
1352 3463
1353 3463
1354 3451
1355 3453
1356 3714
1357 3717
1358 3713
1359 3436
1360 3717
1361 3426
1362 3437
1363 3464
1364 3465
1365 3460
1366 3464
1367 3462
1368 3443
1369 3442
1370 3466
1371 3484
1372 3483
1373 3482
1374 3482
1375 3485
1376 3493
1377 3504
1378 3494
1379 3504
1380 3491
1381 3502
1382 3489
1383 3489
1384 3485
1385 3485
1386 3494
1387 3494
1388 3480
1389 4258
1390 3709
1391 3709
1392 4259
1393 4662
1394 4567
1395 4448
1396 4525
1397 4566
1398 4256
1399 4450
1400 4518
1401 4600
1402 4453
1403 4454
1404 4253
1405 5447
1406 4254
1407 4256
1408 4254
1409 4256
1410 4462
1411 4671
1412 4595
1413 4531
1414 4585
1415 4308
1417 4655
1418 4460
1419 4658
1420 4616
1422 4466
1423 4513
1424 4438
1426 4523
1428 4302
1429 4521
1430 4647
1431 4645
1432 4547
1433 4508
1434 4564
1435 4545
1436 4539
1437 4492
1438 4627
1439 3495
1440 3598
1441 3557
1442 3675
1443 3557
1444 3557
1445 3557
1446 3675
1447 3473
1448 3486
1449 3448
1450 3448
1451 3445
1452 3457
1453 3474
1454 3474
1455 3457
1456 3475
1457 3486
1458 3475
1459 3507
1460 3486
1461 3524
1462 3525
1463 3524
1464 3676
1465 3676
1466 3589
1467 3589
1468 3556
1469 3556
1470 3596
1471 3596
1472 3596
1473 3611
1474 3594
1475 3611
1476 3541
1477 3594
1478 3594
1479 3545
1480 3541
1481 3545
1482 3611
1483 3594
1484 3596
1485 3596
1486 3611
1487 3611
1488 3596
1489 3596
1490 3611
1491 3541
1492 3542
1493 3545
1494 3545
1495 3545
1496 3544
1497 3652
1498 3630
1499 3648
1500 3630
1501 3693
1502 3607
1503 3636
1504 3621
1505 3610
1506 3588
1507 3634
1508 3588
1509 3586
1510 3586
1511 3534
1512 3546
1513 3546
1514 3540
1515 3567
1516 3533
1517 3593
1518 3574
1519 3563
1520 3540
1521 3540
1522 3406
1523 3584
1524 3523
1525 3532
1526 3534
1527 3513
1528 3406
1529 3500
1530 3500
1531 3522
1532 3504
1533 3516
1534 3534
1535 3523
1536 3514
1537 3523
1538 3514
1539 3523
1540 3523
1541 3546
1542 3527
1543 3546
1544 3567
1545 3567
1546 3421
1547 3527
1548 3421
1549 3424
1550 3423
1551 3595
1552 3707
1553 3707
1554 3609
1555 3587
1556 3610
1557 3610
1558 3621
1559 3620
1560 3609
1561 3707
1562 3703
1563 3707
1564 3422
1565 3703
1566 3703
1567 3707
1568 3694
1569 3703
1570 3705
1571 3629
1572 3705
1573 3560
1574 3579
1575 3555
1576 3545
1577 3594
1578 3594
1579 3594
1580 3594
1581 3575
1582 3575
1583 3575
1584 3554
1585 3554
1586 3551
1587 3694
1588 3707
1589 3703
1591 4253
1595 3707
1598 3423
1599 3521
1600 3531
1602 3516
1603 3515
1604 3503
1605 3527
1606 3516
1607 3503
1612 4251
1613 4254
1615 3706
1617 4574
1618 4573
1619 4471
1620 4389
1621 4469
1622 4575
1623 4405
1624 4572
1625 4457
1626 4456
1627 4473
1629 4383
1630 4403
1631 4402
1633 4404
1634 4392
1635 4406
1637 1541
1638 1528
1639 1552
1641 1551
1642 1533
1643 4398
1645 4300
1646 4299
1648 1431
1649 1662
1650 1527
1651 1608
1652 1592
1653 1660
1654 1433
1655 1579
1656 1589
1657 1605
1658 1525
1659 4388
1660 3702
1661 4386
1662 5222
1663 5307
1664 5601
1665 5653
1666 5647
1667 4976
1668 5648
1669 5303
1670 5305
1671 5061
1672 5634
1673 5045
1674 4235
1675 4807
1676 4852
1677 5123
1678 4855
1679 4860
1680 2240
1681 4862
1682 2237
1683 2001
1684 2008
1685 1954
1686 1362
1687 2297
1688 2004
1689 1158
1690 1308
1691 1303
1692 1269
1693 1188
1694 887
1695 1203
1696 1257
1697 1182
1698 1152
1699 2596
1700 1286
1701 1263
1702 2511
1703 2592
1704 1285
1705 2571
1706 1163
1707 1157
1708 1289
1709 1117
1710 905
1711 895
1712 975
1713 1133
1714 2612
1715 1167
1716 1299
1717 1294
1718 1296
1719 2557
1720 1171
1721 1487
1722 2604
1723 2559
1724 1486
1725 1567
1726 1411
1727 1569
1728 2506
1729 1406
1730 1473
1731 1476
1732 1396
1733 1481
1734 1546
1735 1394
1736 1412
1737 2521
1738 2579
1739 2555
1740 2551
1741 2581
1742 1636
1743 1637
1744 1640
1745 2846
1746 1492
1747 1560
1748 2533
1749 1503
1750 889
1751 1060
1752 1058
1753 1028
1754 1031
1755 1060
1756 970
1757 1103
1758 1030
1759 1106
1760 2897
1761 2897
1762 971
1763 971
1764 971
1765 2900
1766 846
1767 1061
1768 1056
1769 1024
1770 1022
1771 1032
1772 965
1773 848
1774 1231
1775 1111
1776 1222
1777 1218
1778 1097
1779 1091
1780 1095
1781 990
1782 1053
1783 1021
1784 1109
1785 1025
1786 1206
1787 1046
1788 1198
1789 1248
1790 1246
1791 1207
1792 1356
1793 1355
1794 1322
1795 1332
1796 1988
1797 1959
1798 1464
1799 2234
1800 4813
1801 4176
1802 4339
1803 4345
1804 4267
1805 5420
1806 5407
1807 5415
1808 4273
1809 5385
1810 4430
1811 4280
1812 4349
1813 4421
1814 4356
1815 5349
1816 5344
1817 5392
1818 5363
1819 5382
1820 5444
1821 4431
1822 4172
1823 5405
1824 4038
1825 4042
1826 5440
1827 4005
1828 4162
1829 4160
1830 5337
1831 5356
1832 5394
1833 4498
1834 4495
1835 4500
1836 5368
1837 5660
1838 5318
1839 5327
1840 4136
1841 3996
1842 4062
1843 3999
1844 3787
1845 4180
1846 4031
1847 4145
1848 4076
1849 3760
1850 3762
1851 3746
1852 3779
1853 3850
1854 3833
1855 5436
1856 4265
1857 2305
1858 2316
1859 110
1860 2283
1861 2309
1862 210
1863 114
1864 197
1865 173
1866 152
1867 154
1868 180
1869 148
1870 137
1871 182
1872 3073
1873 2976
1874 3083
1875 2984
1876 2987
1877 189
1878 78
1879 79
1880 170
1881 71
1882 3086
1883 3067
1884 2990
1885 2993
1886 2990
1887 2989
1888 3033
1889 3043
1890 3035
1891 3024
1892 147
1893 203
1894 2039
1895 3051
1896 5109
1897 3096
1898 85
1899 89
1900 81
1901 87
1902 90
1903 82
1904 86
1905 86
1906 91
1907 84
1908 86
1909 105
1910 84
1911 103
1912 101
1913 94
1914 99
1915 104
1916 185
1917 128
1918 124
1919 194
1920 222
1921 219
1922 159
1923 161
1924 216
1925 226
1926 2320
1927 2363
1928 2261
1929 1881
1930 195
1931 1878
1932 2212
1933 2494
1934 2322
1935 1891
1936 106
1937 73
1938 75
1939 1844
1940 97
1941 218
1942 2279
1943 2264
1944 2018
1945 1993
1946 1965
1947 1971
1948 1886
1949 1853
1950 1967
1951 1865
1952 2474
1953 2455
1954 1984
1955 2436
1956 1950
1957 2642
1958 2697
1959 2471
1960 2023
1961 2267
1962 2435
1963 1348
1964 1863
1965 2485
1966 1864
1967 2704
1968 2095
1969 2098
1970 2643
1971 2202
1972 2457
1973 1902
1974 2439
1975 2460
1976 1932
1977 1339
1978 5141
1979 5129
1980 4872
1981 4819
1982 4181
1984 1518
1986 1596
1987 1539
1988 1537
1989 1595
1990 1716
1992 1540
1993 2400
1994 1523
1995 2492
1996 2836
1997 2125
1998 2841
1999 2221
2000 2834
2001 2828
2002 2488
2003 2835
2004 2789
2005 2717
2006 2728
2007 2719
2008 2823
2009 2203
2010 2120
2011 2116
2012 821
2013 828
2014 821
2015 830
2016 833
2017 821
2018 831
2019 758
2020 756
2021 754
2022 773
2023 756
2024 2041
2025 2877
2026 2850
2027 2724
2028 1522
2029 1524
2030 1715
2031 1714
2032 1610
2033 1713
2035 1593
2037 2635
2038 1664
2039 1741
2040 1380
2041 1380
2042 1380
2043 1382
2045 827
2047 818
2048 824
2049 559
2050 563
2051 556
2052 795
2053 553
2054 724
2055 777
2056 684
2057 777
2058 632
2059 738
2060 723
2061 738
2062 738
2063 738
2064 738
2065 721
2066 671
2067 721
2068 671
2069 671
2070 671
2071 721
2072 721
2073 671
2074 702
2075 682
2076 700
2077 702
2078 702
2079 697
2080 718
2081 721
2082 702
2083 719
2084 720
2085 688
2086 679
2087 679
2088 733
2089 671
2090 721
2091 721
2092 721
2093 721
2094 721
2095 721
2096 721
2097 671
2098 671
2099 671
2100 672
2101 672
2102 738
2103 738
2104 738
2105 738
2106 702
2107 702
2108 738
2109 702
2110 716
2111 716
2112 716
2113 716
2114 717
2115 723
2116 723
2117 683
2118 717
2119 683
2120 803
2121 684
2122 652
2123 723
2124 599
2125 633
2126 600
2127 645
2128 651
2129 651
2130 803
2131 803
2132 717
2133 717
2134 695
2135 717
2136 803
2137 716
2138 716
2139 696
2140 675
2141 533
2142 637
2143 656
2144 665
2145 646
2146 647
2147 666
2148 532
2149 531
2150 659
2151 532
2152 532
2153 636
2154 690
2155 666
2156 656
2157 645
2158 634
2159 602
2160 602
2161 602
2162 647
2163 603
2164 603
2165 584
2166 577
2167 577
2168 605
2169 635
2170 627
2171 635
2172 605
2173 627
2174 584
2175 613
2176 584
2177 613
2178 613
2179 600
2180 575
2181 600
2182 570
2183 565
2184 564
2185 806
2186 592
2187 586
2188 589
2189 608
2190 589
2191 618
2192 607
2193 616
2194 617
2195 612
2196 619
2197 593
2198 620
2199 631
2200 629
2201 643
2202 643
2203 650
2204 655
2205 655
2206 655
2207 642
2208 658
2209 548
2210 631
2211 642
2212 629
2213 641
2214 650
2215 650
2216 609
2217 621
2218 621
2219 621
2220 630
2221 621
2222 611
2223 611
2224 594
2225 593
2226 591
2227 578
2228 590
2229 590
2230 841
2231 581
2232 840
2233 844
2234 579
2235 580
2236 616
2237 617
2238 580
2239 592
2240 594
2241 571
2242 570
2243 575
2244 571
2245 609
2246 629
2247 631
2248 641
2249 640
2250 643
2251 650
2252 650
2253 661
2254 691
2255 661
2256 673
2257 785
2258 814
2259 1829
2260 2657
2261 2680
2262 1833
2263 2358
2264 2028
2265 2029
2266 2689
2267 1510
2268 2024
2269 1554
2270 2276
2271 1460
2272 1458
2273 1459
2274 1281
2275 1496
2276 1276
2277 1277
2278 1278
2279 1173
2280 1180
2281 1179
2282 1273
2283 1274
2284 1175
2285 1280
2286 1555
2287 1571
2288 1574
2289 1517
2290 1513
2291 1515
2292 1514
2293 1505
2294 1500
2295 2632
2296 1576
2297 1559
2298 2550
2299 2569
2300 2666
2301 2687
2302 1346
2303 2669
2304 2663
2305 2671
2306 2670
2307 1235
2308 1237
2309 1317
2310 2678
2311 2675
2312 1197
2313 1365
2314 1251
2315 1227
2316 1342
2317 1344
2318 1343
2319 2653
2320 1217
2321 1212
2322 2661
2323 2685
2324 2790
2325 2681
2326 2651
2327 2880
2328 580
2329 793
2330 594
2331 836
2332 1383
2333 1383
2334 1383
2335 1382
2336 1377
2337 793
2338 1377
2339 580
2340 594
2341 594
2342 1377
2346 1382
2352 833
2354 833
2355 833
2356 830
2357 833
2358 830
2359 830
2360 830
2361 833
2362 833
2364 833
2365 830
2366 648
2368 551
2369 1707
2370 1386
2371 1385
2372 1805
2373 1587
2374 1708
2375 1647
2376 1648
2377 1788
2378 1705
2379 1685
2380 1632
2381 1678
2382 1792
2383 1769
2384 1796
2385 1456
2386 1457
2387 1771
2388 2523
2389 1818
2390 1779
2391 1780
2392 2566
2393 1676
2394 1630
2395 1506
2396 2843
2397 1694
2398 1449
2399 1698
2400 1815
2401 1817
2402 1691
2403 1423
2404 1816
2405 1814
2406 1801
2407 1599
2408 1601
2409 1670
2410 1736
2411 1759
2412 1758
2413 1419
2415 1689
2416 1726
2417 1644
2418 836
2419 1657
2420 5456
2421 4505
2422 2424
2423 2421
2424 4825
2425 4703
2426 5674
2427 3136
2428 3172
2429 4698
2430 243
2431 3123
2432 2858
2433 255
2434 233
2435 2857
2436 1839
2437 1848
2438 4697
2439 2210
2440 2252
2441 1843
2442 1869
2443 1870
2444 2863
2445 1873
2446 1919
2447 1913
2448 1917
2449 396
2450 265
2451 505
2452 468
2453 509
2454 273
2455 410
2456 266
2457 1898
2458 1900
2459 2466
2460 2447
2461 2799
2462 2800
2463 2468
2464 368
2465 1921
2466 2482
2467 2444
2468 2442
2469 2342
2470 1931
2471 5588
2472 3280
2473 3224
2474 4075
2475 3965
2476 3931
2477 3933
2478 3893
2479 3898
2480 3936
2481 3984
2482 3932
2483 3962
2484 3903
2485 3929
2486 3904
2487 3842
2488 3905
2489 3841
2490 3746
2491 3726
2492 3845
2493 3726
2494 3845
2495 3845
2496 5708
2504 3723
2507 3735
2510 5334
2517 3732
2518 3731
2519 3732
2520 5708
2521 5708
2522 3980
2523 3980
2524 5716
2525 3905
2526 3980
2527 3901
2528 3901
2529 5335
2530 3933
2531 3903
2532 3981
2533 3899
2534 3983
2535 3899
2537 3888
2538 3889
2540 3879
2541 3855
2542 3909
2543 3890
2544 3958
2545 3873
2546 3857
2547 5489
2548 5687
2549 3941
2550 5489
2551 3940
2552 3941
2555 3916
2556 3867
2557 5489
2558 3017
2559 4504
2560 2548
2561 1643
2562 1400
2563 1544
2564 1752
2565 1702
2566 2553
2567 4613
2568 4683
2569 5366
2570 4634
2571 4542
2572 4680
2573 4633
2574 4292
2575 4560
2576 4291
2577 4316
2578 4315
2579 4672
2580 4675
2581 5338
2582 4636
2583 4324
2584 4628
2585 4325
2586 4617
2587 4554
2588 4553
2589 4459
2590 4552
2591 4288
2593 4285
2594 4674
2595 4458
2596 4538
2597 5378
2598 4369
2599 4491
2600 4437
2601 4370
2602 5442
2603 4368
2604 5655
2605 4555
2606 4558
2607 5341
2608 5329
2609 1823
2610 4679
2611 1778
2612 1777
2613 1416
2614 1426
2616 1821
2617 1598
2618 1692
2619 1682
2620 1425
2621 2514
2622 1424
2623 1697
2624 4295
2625 4008
2626 3774
2627 4043
2628 4011
2629 4016
2630 3804
2631 4015
2632 3802
2633 4015
2634 4022
2635 4052
2636 4024
2637 4017
2638 4050
2639 4245
2640 4048
2641 4049
2642 4113
2643 4050
2644 4110
2645 4111
2646 4113
2648 3794
2649 3728
2650 5334
2651 5429
2652 4361
2653 4381
2654 4435
2655 4377
2656 1908
2657 2196
2658 2291
2659 2294
2660 2193
2661 2268
2662 1331
2663 1078
2664 1081
2665 1079
2666 1076
2667 1098
2668 1101
2669 1037
2670 983
2671 1044
2672 1036
2673 984
2674 1043
2675 1000
2676 996
2677 982
2678 2871
2679 937
2680 1086
2681 939
2682 1177
2683 1144
2684 1151
2685 1177
2686 1147
2687 1142
2688 1148
2689 1178
2690 1148
2691 924
2692 931
2693 930
2694 903
2695 1138
2696 926
2697 927
2698 861
2699 857
2700 1141
2701 1142
2702 941
2704 849
2705 943
2706 1178
2707 1177
2708 1177
2709 1175
2710 870
2711 939
2713 2876
2714 2876
2718 1016
2719 1007
2728 1085
2729 939
2730 2677
2731 1146
2732 1005
2733 1016
2734 1012
2735 1015
2736 1009
2737 1110
2738 1110
2739 1027
2741 1109
2742 1106
2743 2906
2745 1106
2749 1106
2750 1029
2751 1027
2752 1440
2753 2527
2754 1504
2755 2630
2756 1166
2757 960
2758 852
2759 858
2760 852
2762 2520
2764 957
2765 1652
2766 3058
2767 3005
2768 3006
2769 3000
2770 3003
2771 3001
2772 3003
2773 2999
2774 2994
2775 2994
2776 2998
2777 2995
2778 2994
2779 2995
2780 2993
2781 3013
2782 3011
2783 3011
2784 3011
2785 3002
2786 3002
2787 3002
2788 3008
2789 3007
2790 95
2791 94
2792 103
2793 95
2794 86
2795 92
2796 93
2797 3494
2798 4256
2799 3448
2800 3447
2801 3445
2802 3445
2803 3450
2804 3454
2805 3461
2806 3479
2807 3485
2808 3476
2809 3508
2810 3500
2811 3475
2812 3520
2813 3510
2814 3520
2815 3405
2816 3406
2817 3568
2818 3540
2819 3592
2820 3590
2821 3570
2822 3590
2823 3590
2824 3575
2825 3589
2826 3589
2827 3590
2828 3590
2829 3590
2830 3590
2831 3589
2832 3548
2833 3509
2834 3548
2835 3676
2836 3676
2837 3676
2838 3520
2839 3529
2840 3475
2841 3475
2842 3520
2843 3502
2844 3484
2845 3493
2846 3491
2847 3502
2848 3481
2849 3490
2850 3492
2851 3462
2852 3481
2853 3462
2854 3480
2855 3490
2856 3502
2857 3494
2858 3596
2859 3611
2860 3594
2861 750
2862 747
2863 756
2864 715
2865 737
2866 736
2867 736
2868 736
2869 763
2870 747
2871 714
2872 763
2873 833
2874 714
2875 694
2876 548
2877 674
2878 549
2879 673
2880 694
2881 673
2882 714
2883 673
2884 713
2885 694
2886 714
2887 690
2888 694
2889 750
2890 4936
2891 5006
2892 5179
2893 5213
2894 5577
2895 5574
2896 5550
2897 5016
2898 2172
2899 2152
2900 2110
2901 2084
2902 2162
2903 2738
2904 2762
2905 2173
2906 2718
2907 2185
2908 2415
2909 2734
2910 2427
2911 5229
2912 5217
2913 5114
2914 5543
2915 5538
2916 4947
2917 5039
2918 5530
2919 5026
2920 5236
2921 5218
2922 5233
2923 5018
2924 2765
2925 2389
2926 2391
2927 2054
2928 1943
2929 1920
2930 510
2931 1924
2932 2068
2933 338
2934 414
2935 448
2936 2189
2937 2343
2938 2347
2939 2324
2940 2048
2941 2354
2942 2332
2943 2754
2944 5566
2945 2753
2946 5565
2947 5215
2948 2755
2949 5567
2950 3337
2951 3296
2952 3328
2953 461
2954 4902
2955 4906
2956 4921
2957 3283
2958 5681
2959 4800
2960 5030
2961 5172
2962 4778
2963 5168
2964 4781
2965 4777
2966 5314
2967 5613
2968 5158
2969 4922
2970 5117
2971 4784
2972 5277
2973 4760
2974 5164
2975 5049
2976 4700
2977 3020
2978 3062
2979 4728
2980 4752
2981 3090
2982 4694
2983 3115
2984 3030
2985 5087
2986 5083
2987 4716
2988 4782
2989 5280
2990 5281
2991 4762
2992 4769
2993 4773
2994 3156
2995 4755
2996 5275
2997 5120
2998 5272
2999 5247
3000 5250
3001 5098
3002 4835
3003 4717
3004 4935
3005 4974
3006 5520
3007 5494
3008 5603
3009 5466
3010 4220
3011 4125
3012 4214
3013 4087
3014 3947
3015 3863
3016 3876
3017 3942
3018 3975
3019 3957
3020 5487
3021 5484
3022 4206
3023 4073
3024 4227
3025 4092
3026 4196
3027 4083
3028 5480
3029 4879
3030 5100
3031 5627
3032 4686
3033 4885
3034 4378
3035 5104
3036 4327
3037 4414
3038 5477
3039 4189
3040 4153
3041 4147
3042 4049
3043 4052
3044 4053
3045 4151
3046 5372
3047 4328
3048 5370
3049 4188
3050 5630
3051 3543
3052 3718
3053 3696
3054 3467
3055 3467
3056 3453
3057 3713
3058 3452
3059 3429
3060 3435
3061 3463
3062 3464
3063 3437
3064 3467
3065 3482
3066 3493
3067 3502
3068 3491
3069 3483
3070 3485
3071 3466
3072 4258
3073 4598
3074 4259
3075 4566
3076 4452
3077 5447
3078 4256
3079 4256
3080 4444
3081 4314
3082 4659
3083 4321
3084 4511
3085 4515
3086 4303
3087 4468
3088 4649
3089 4509
3090 4546
3091 4624
3092 3699
3093 3403
3094 3558
3095 3557
3096 3471
3097 3473
3098 3448
3099 3457
3100 3475
3101 3486
3102 3518
3103 3524
3104 3676
3105 3525
3106 3596
3107 3611
3108 3594
3109 3545
3110 3611
3111 3596
3112 3611
3113 3596
3114 3596
3115 3650
3116 3594
3117 3545
3118 3545
3119 3627
3120 4891
3121 3630
3122 3629
3123 3610
3124 3588
3125 3546
3126 3566
3127 3562
3128 3540
3129 3608
3130 3533
3131 3406
3132 3513
3133 3516
3134 3534
3135 3523
3136 3523
3137 3534
3138 3546
3139 3547
3140 3421
3141 3625
3142 3587
3143 3587
3144 3621
3145 3609
3146 3703
3147 3707
3148 3707
3149 3703
3150 3637
3151 3636
3152 3693
3153 3606
3154 3545
3155 3545
3156 3594
3157 3575
3158 3554
3159 3573
3160 3551
3161 3703
3165 3423
3166 3420
3167 3504
3168 3531
3169 3527
3170 3516
3171 3412
3175 3703
3176 4253
3178 4453
3179 4471
3180 4575
3181 4456
3182 4455
3183 4399
3184 4403
3185 4406
3186 1552
3187 1551
3188 4398
3189 4390
3190 4409
3191 4470
3192 1547
3193 1609
3194 1549
3195 1607
3196 1528
3198 3706
3199 5223
3200 5308
3201 5650
3202 5222
3203 5305
3204 5645
3205 3701
3206 5638
3207 5097
3208 4815
3209 4861
3210 2007
3211 1961
3212 1304
3213 1128
3214 1187
3215 1283
3216 1287
3217 1161
3218 1190
3219 909
3220 1130
3221 1293
3222 1300
3223 2570
3224 1484
3225 1566
3226 1565
3227 1480
3228 1255
3229 1392
3230 2539
3231 1404
3232 1634
3233 2847
3234 1562
3235 2536
3236 1089
3237 1060
3238 1030
3239 2906
3240 971
3241 971
3242 1059
3243 1024
3244 872
3245 892
3246 1231
3247 1093
3248 992
3249 1023
3250 1049
3251 1058
3252 1219
3253 1205
3254 1354
3255 1323
3256 1361
3257 1469
3258 1953
3259 4335
3260 4343
3261 5422
3262 4427
3263 4423
3264 5352
3265 5350
3266 4418
3267 5406
3268 4166
3269 4033
3270 4163
3271 5353
3272 4496
3273 5396
3274 4503
3275 4138
3276 4026
3277 4177
3278 4129
3279 4002
3280 3766
3281 3986
3282 3832
3283 4262
3284 4810
3285 2002
3286 2318
3287 212
3288 126
3289 131
3290 3082
3291 2985
3292 168
3293 172
3294 3079
3295 2978
3296 3039
3297 3034
3298 201
3299 2284
3300 4864
3301 3098
3302 68
3303 89
3304 91
3305 86
3306 84
3307 100
3308 101
3309 83
3310 155
3311 221
3312 216
3313 2259
3314 193
3315 2209
3316 2339
3317 75
3318 111
3319 158
3320 121
3321 118
3322 2013
3323 1985
3324 1860
3325 2431
3326 1983
3327 2271
3328 2434
3329 1861
3330 2094
3331 2198
3332 2456
3333 1926
3334 2458
3335 1975
3336 2255
3337 1963
3338 5140
3339 4870
3340 4818
3341 4178
3342 1521
3343 4385
3344 1594
3345 1535
3346 1596
3347 1539
3348 2401
3349 2400
3350 2833
3351 2491
3352 2838
3353 2729
3354 2822
3355 2832
3356 829
3357 830
3358 831
3359 757
3360 758
3361 2878
3362 2879
3363 834
3365 1716
3366 1610
3367 1593
3369 2635
3370 1380
3372 2493
3373 823
3374 541
3375 529
3376 724
3377 738
3378 738
3379 721
3380 671
3381 671
3382 682
3383 702
3384 702
3385 718
3386 679
3387 705
3388 721
3389 721
3390 721
3391 721
3392 668
3393 671
3394 671
3395 721
3396 738
3397 738
3398 702
3399 716
3400 716
3401 716
3402 723
3403 717
3404 652
3405 723
3406 684
3407 599
3408 645
3409 651
3410 803
3411 717
3412 716
3413 717
3414 697
3415 676
3416 803
3417 647
3418 666
3419 532
3420 533
3421 666
3422 651
3423 634
3424 602
3425 602
3426 577
3427 635
3428 605
3429 584
3430 613
3431 634
3432 575
3433 600
3434 567
3435 586
3436 589
3437 618
3438 616
3439 629
3440 643
3441 655
3442 654
3443 631
3444 629
3445 650
3446 620
3447 621
3448 611
3449 610
3450 578
3451 591
3452 581
3453 840
3454 579
3455 562
3456 590
3457 618
3458 578
3459 574
3460 575
3461 575
3462 573
3463 612
3464 620
3465 629
3466 643
3467 650
3468 660
3469 661
3470 669
3471 815
3472 2660
3473 1831
3474 2030
3475 2277
3476 1458
3477 1301
3478 1276
3479 1179
3480 1273
3481 1279
3482 1553
3483 1509
3484 1513
3485 1516
3486 2532
3487 1570
3488 2535
3489 1556
3490 2688
3491 2665
3492 2667
3493 1237
3494 2672
3495 1315
3496 1252
3497 1340
3498 1347
3499 1215
3500 2273
3501 2815
3502 2791
3503 2682
3504 2654
3505 792
3506 1383
3507 1382
3508 1377
3509 580
3510 610
3511 594
3512 1377
3519 833
3520 830
3521 833
3522 833
3523 830
3524 547
3525 648
3526 551
3527 1386
3528 1739
3529 1649
3530 1684
3531 1766
3532 1455
3533 2568
3534 1745
3535 1679
3536 2563
3537 1449
3538 1688
3539 1815
3540 1802
3541 1583
3542 1791
3543 1421
3544 1772
3545 1453
3546 1632
3547 835
3548 826
3549 836
3550 1707
3551 5457
3552 5237
3553 4505
3554 2419
3555 2398
3556 2421
3557 4829
3558 4724
3559 3144
3560 3132
3561 237
3562 1841
3563 4697
3564 1843
3565 1868
3566 2212
3567 1913
3568 256
3569 463
3570 497
3571 326
3572 267
3573 1911
3574 2447
3575 2800
3576 2502
3577 2801
3578 2798
3579 1904
3580 1899
3581 2481
3582 4702
3583 3296
3584 3177
3585 3251
3586 3372
3587 4839
3588 3970
3589 3896
3590 3984
3591 3758
3592 3933
3593 3906
3594 3746
3595 3845
3596 3845
3605 3732
3606 5708
3607 3980
3608 3980
3609 3901
3610 5708
3611 3732
3612 3905
3613 3901
3614 3899
3615 3899
3616 3887
3617 3879
3618 3879
3619 3868
3620 3940
3621 3941
3623 3857
3624 3887
3625 3899
3626 3929
3627 3923
3628 4105
3629 5486
3630 5144
3631 5358
3632 2542
3633 1543
3634 1756
3635 4614
3636 4542
3637 4292
3638 4316
3639 4637
3640 4322
3641 4630
3642 4459
3643 4284
3644 4289
3645 4550
3646 4291
3647 4540
3648 4604
3649 4372
3650 5656
3651 5376
3652 5339
3653 5330
3654 4543
3655 4679
3656 1822
3657 1428
3658 1597
3659 1598
3660 1418
3661 1682
3662 1680
3663 1699
3664 1424
3665 4632
3666 4294
3667 4407
3668 5343
3669 4005
3670 4041
3671 4015
3672 4015
3673 4052
3674 4018
3675 4048
3676 4052
3677 4049
3678 4113
3679 4113
3681 4022
3682 3828
3683 5334
3684 3775
3685 3799
3686 4046
3687 4416
3688 5347
3689 4373
3690 4380
3691 4112
3693 4492
3694 1921
3695 365
3696 2714
3697 2089
3698 1938
3699 2074
3700 1947
3701 2269
3702 2708
3703 1591
3704 1334
3705 1211
3706 1069
3707 1073
3708 1102
3709 1084
3710 983
3711 995
3712 1086
3713 2895
3714 1145
3715 1148
3716 931
3717 925
3718 855
3719 931
3720 932
3721 1150
3722 1181
3723 1177
3724 1180
3725 936
3728 1007
3732 1372
3733 2694
3734 1085
3735 2674
3736 1174
3737 1144
3738 1005
3739 1002
3740 1015
3741 1015
3742 1109
3743 2906
3746 2897
3747 1106
3748 1106
3749 1029
3750 1109
3751 1009
3752 1446
3753 1501
3754 1696
3755 2844
3756 1508
3757 1169
3758 952
3759 852
3762 2520
3763 900
3764 1171
3766 1650
3767 1654
3768 1846
3769 3108
3770 3036
3771 3061
3772 2982
3773 3000
3774 2999
3775 2994
3776 2994
3777 2996
3778 2993
3779 3011
3780 3002
3781 3008
3782 3010
3783 3004
3784 3011
3785 96
3786 94
3787 86
3788 92
3789 92
3790 91
3791 4256
3793 3448
3794 3445
3795 3446
3796 3461
3797 3500
3798 3476
3799 3508
3800 3405
3801 3540
3802 3592
3803 3592
3804 3590
3805 3590
3806 3590
3807 3589
3808 3570
3809 3405
3810 3676
3811 3676
3812 3537
3813 3475
3814 3520
3815 3529
3816 3475
3817 3479
3818 3482
3819 3493
3820 3492
3821 3480
3822 3481
3823 3465
3824 3492
3825 3502
3826 3502
3827 3464
3828 3494
3829 3596
3830 3575
3831 3594
3832 3611
3833 3494
3834 763
3835 737
3836 737
3837 736
3838 821
3839 756
3840 714
3841 674
3842 833
3843 548
3844 673
3845 714
3846 673
3847 714
3848 694
3849 736
3850 674
3851 750
3852 689
3853 661
3854 640
3855 647
